0 3.1201581659345123
1 2.1237717020829248
2 2.802962086412807
3 2.9393276414827545
4 2.817911301468279
5 2.2869260149664132
6 3.1471429600515886
7 2.5557343128438563
8 3.4080973874536107
9 2.892888038749451
10 2.4125970795241223
11 2.2354179342498943
12 2.5295478359345616
13 2.01831154102715
14 2.619567207738043
15 2.1185767740520087
16 2.3972919901207863
17 2.2991422699391606
18 2.5983463537880587
19 2.143940672092164
20 2.5703047182211662
21 2.348387606333439
22 2.8414137011433027
23 2.3647799153456104
24 2.007469996569911
25 2.944306510735665
26 2.714275352087637
27 2.6257551463141646
28 2.0912247360792886
29 2.7013813015481216
30 2.777688856534494
31 2.3908957209667268
32 2.2022079116254223
33 2.6725955607767973
34 3.1216312189647812
35 2.5522638233187207
36 2.694722899475507
37 2.873401376348654
38 2.576752574103843
39 2.5390933785963545
