0 7.676233300092008
1 7.195103000698269
2 7.55332058430755
3 7.627278103305358
4 7.6648988465693915
5 7.400350764353244
6 8.124799224555883
7 6.9106552027554935
8 7.862307345770055
9 7.504646428034173
10 7.011451028975936
11 6.754062063499252
12 7.0977837397896515
13 7.1010889636589
14 6.943088463306288
15 6.627388852522034
16 7.300259491644785
17 7.7964684640371695
18 7.243821157937762
19 6.422121564549904
20 7.265945110717918
21 6.872972357870957
22 7.9093119283369795
23 6.954963299379631
24 7.4259527415151005
25 7.391405319197865
26 7.660606537775952
27 7.4164749782652315
28 7.319962994144455
29 7.720843550596039
30 7.715558745803964
31 7.1213578920269205
32 7.164609012975938
33 7.177886285221612
34 8.16465291382156
35 8.047966924060983
36 7.848551239927641
37 8.031114949809886
38 8.076138086232982
39 7.643939440077952
